1 25 24
2 22 22
3 41 37
4 57 48
5 30 5
6 31 52
7 65 35
8 56 39
9 24 12
10 20 26
11 25 30
12 24 58
13 27 69
14 57 68
15 32 12
16 42 7
17 57 29
18 2 60
19 46 13
20 45 10
21 63 23
22 37 56
23 47 47
24 40 60
25 13 52
26 37 47
27 49 58
28 49 73
29 53 12
30 15 47
31 35 40
32 37 31
33 21 24
34 45 30
35 10 43
36 19 21
37 12 24
38 55 54
39 8 56
40 5 30
41 28 18
42 18 18
43 25 21
44 53 43
45 15 77
46 63 65
47 23 3
48 11 14
49 5 5
50 30 25
51 36 26
52 45 20
53 55 60
54 26 35
55 15 10
56 47 16
57 17 34
58 55 20
59 11 31
60 30 60
61 62 77
62 55 5
63 15 60
64 56 37
65 31 67
66 41 49
67 20 50
68 55 45
69 49 42
70 49 11
71 64 42
72 2 48
73 20 20
74 6 38
75 22 27
76 35 35
77 20 65
78 20 40
79 35 69
80 65 55
81 15 30
82 14 37
83 15 19
84 40 25
85 65 20
86 61 52
87 26 27
88 27 43
89 18 24
90 4 18
91 45 65
92 50 35
93 6 68
94 60 12
95 35 17
96 26 52
97 53 52
98 67 5
99 10 20
100 16 22
101 44 17